4.147485091663437373e+01
5.077888002514641386e+01
3.049993700127521734e+01
5.931035282152393506e+01
4.574442974377916471e+01
3.797192733451552726e+01
4.403735404423757416e+01
3.772202408156949360e+01
4.197142827564747591e+01
4.745325132940677548e+01
4.608615548940790774e+01
4.464824865897320194e+01
4.202010921854567016e+01
3.196437402335796918e+01
3.579975035553891871e+01
4.246727683646298601e+01
4.335111836038210242e+01
4.290225297418807315e+01
3.656725685821505323e+01
4.013624175489509582e+01
4.105553147451387730e+01
3.627199819578609663e+01
4.590059429650503375e+01
4.394238735736132639e+01
4.135498943368553171e+01
3.748223409872710477e+01
3.822528342530025469e+01
3.025812929766981796e+01
4.761725024372456261e+01
3.793849109069445547e+01
4.262152060039275625e+01
4.607956154437423635e+01
3.129554352812653661e+01
3.809269291255389334e+01
3.965755924290182577e+01
4.287191318297602294e+01
4.141228020234072460e+01
3.217091892316045687e+01
3.309060677049929922e+01
3.599261826183281698e+01
3.511737792324851881e+01
3.700156681176932238e+01
3.748202092545374597e+01
3.489706612664469532e+01
3.672557402000640536e+01
4.088091039332462628e+01
3.731035312048523878e+01
3.256427788005671431e+01
4.423543610954902050e+01
4.473892566985092145e+01
