3.416423757376172432e+01
4.069749076039430236e+01
3.507476426739178521e+01
2.982805760107837401e+01
3.631948361607402376e+01
3.901953674340159495e+01
4.176187240549825219e+01
3.841654691672728461e+01
3.326105309491732953e+01
3.304163224182763514e+01
3.833812115145715183e+01
4.732902402902276151e+01
3.669377864724527427e+01
3.900264582007404357e+01
4.485295520889104637e+01
4.641764349924133626e+01
4.735943208937107585e+01
3.697381219005721675e+01
3.819513510149393198e+01
4.866329920758492733e+01
2.825265989770106501e+01
3.982303889109054040e+01
4.033655955936828263e+01
4.312279943184450559e+01
3.953520476180572985e+01
3.875395516510212701e+01
4.969505170470328892e+01
3.613463151074784463e+01
2.988768361149222130e+01
3.821648562258497606e+01
4.482726338862010351e+01
2.345606155529626946e+01
4.471829512280872621e+01
3.441848313476386068e+01
3.835315505423497484e+01
2.912257314073256964e+01
3.640526383932517263e+01
4.987704508380404889e+01
3.919322187876286279e+01
2.622637632960345044e+01
3.069399165106610639e+01
4.277121819939915781e+01
3.596971463907771493e+01
3.980965658467138724e+01
5.211236778295229044e+01
3.475786371176650391e+01
4.050623693224054023e+01
4.072904559018201809e+01
4.600261414786115921e+01
4.392527994471586794e+01
