8.461518501178137086e+00
7.761182174759747809e+00
1.109055029404902015e+01
6.632356383932178190e+00
1.034216394301045305e+01
1.533462403229111004e+01
4.578112648551808661e+00
9.337833349396330362e+00
2.691057049190892059e+00
8.551892669791548940e+00
1.076781183353678983e+01
6.590225300310774692e+00
2.084429875034311408e+01
7.249090172820222833e+00
8.922018640063457795e+00
4.784584788939055144e+00
7.965982012566011683e+00
1.494353920494054044e+01
1.203008949966926622e+01
1.476690374422825514e+01
1.082700076927714505e+01
2.140494890315284948e+01
5.796468765014094693e+00
1.215079809748009865e+01
3.069701546089627975e+00
1.211137994959930531e+01
9.878330924601257834e+00
1.059286462064515000e+01
6.098915856148163783e-01
8.196083427425229218e+00
1.955145585705638211e+01
2.146724292588473304e-01
7.722433605571718651e+00
-2.980261567124662392e+00
1.106917462351236381e+01
1.126798797049879575e+01
9.802827434732989786e+00
5.479319370076081164e+00
8.500936258850568805e+00
1.185329559131144883e+01
2.281015449395169270e+01
1.303092397456804719e+01
1.041763255993918946e+01
7.506264283823664840e+00
6.891590691039065852e+00
9.244908014235994287e+00
1.615171669903310203e+01
1.099292234191115725e+01
3.161941479192297066e+00
1.335254137618755976e+01
