3.854159034912919424e+01
2.552501267487127379e+01
3.480797736411492593e+01
3.491490247760744836e+01
2.268022845212798799e+01
2.656891862478086352e+01
3.501241700172404592e+01
3.472361062017809985e+01
3.139226782381359016e+01
3.023909577349740729e+01
3.153783411878531950e+01
2.262846318057125927e+01
2.924102319353507085e+01
3.036525826888761515e+01
3.165206593806930968e+01
2.894686828724229954e+01
3.371948290744366261e+01
3.033465706484649971e+01
2.988461191051817778e+01
2.569110846546245241e+01
2.562309578200260418e+01
3.203563027093504445e+01
3.373714070124905362e+01
2.574461629118016504e+01
3.571512016310911264e+01
2.116662917287757395e+01
2.524692191411305231e+01
3.040794030743611387e+01
3.002913743486790210e+01
3.220371208214762504e+01
3.489252980562420703e+01
3.209570806852708102e+01
2.376480551728475987e+01
2.519116369741366412e+01
3.136632858213299002e+01
2.621077247941548194e+01
2.038050677006898326e+01
2.928311409992094383e+01
3.236751070334290148e+01
2.846837949479461116e+01
2.866564173475475386e+01
2.701980401272957977e+01
3.661027890419442343e+01
2.908741158525219461e+01
3.024185538684863772e+01
2.827993972979848891e+01
3.992311630229963271e+01
2.015935083486951740e+01
3.183678420458875280e+01
3.077206102868960258e+01
